100
500
1 2 973.6406737289412
2 3 870.3054401380915
3 4 176.51852116067528
4 5 941.1517295433391
5 6 107.68196971946674
6 7 937.6928789610456
7 8 482.9465146455983
8 9 49.91327189418384
9 10 220.2956201172591
10 11 316.0776963409673
11 12 353.0122293385114
12 13 862.7851155775386
13 14 218.8274571499666
14 15 233.41702526837443
15 16 37.42840934297851
16 17 782.6319712780238
17 18 841.4862569471996
18 19 828.7875480880302
19 20 216.27265776267765
20 21 961.2985251422043
21 22 114.73704148990143
22 23 887.0595400735558
23 24 798.0643733374429
24 25 718.5335285330622
25 26 839.5579812303432
26 27 472.80753363785783
27 28 466.67508432855874
28 29 955.4885439103524
29 30 655.050222723409
30 31 591.4114187452624
31 32 608.882667807996
32 33 313.67854009431505
33 34 90.53904355109668
34 35 285.98912924942715
35 36 552.1692457436885
36 37 277.7464183947733
37 38 32.48595459978708
38 39 393.27319828756714
39 40 166.18441745448845
40 41 832.1080546049945
41 42 433.2428926881159
42 43 495.7933270550727
43 44 732.1476986407953
44 45 791.5715737144321
45 46 718.9230109966754
46 47 500.7601154196829
47 48 647.3478730614229
48 49 418.3219179844841
49 50 274.43704983220505
50 51 657.8577744684676
51 52 988.8120212903286
52 53 474.241800823065
53 54 591.0493488222772
54 55 765.7493512440675
55 56 144.16355525359896
56 57 437.39927883211385
57 58 136.64566008387007
58 59 780.4730454354702
59 60 762.6653895522389
60 61 215.67471831312545
61 62 803.2716996664677
62 63 27.066181414100516
63 64 9.454165475344832
64 65 314.92236020865863
65 66 790.401724105917
66 67 748.6910352144437
67 68 736.0106461622257
68 69 88.76587835642238
69 70 162.82696920909513
70 71 762.2575101244688
71 72 443.98303462559346
72 73 400.1127878068943
73 74 888.0152850246268
74 75 617.0376238861126
75 76 130.58271768756865
76 77 735.7387259951262
77 78 66.28671388547355
78 79 721.0496142934967
79 80 936.9051519992017
80 81 593.8412747738528
81 82 265.1745355409199
82 83 586.0527718142819
83 84 252.69426704878975
84 85 740.2913264045845
85 86 262.8961470308452
86 87 510.83856880252745
87 88 402.2646568372422
88 89 751.42051254845
89 90 311.9457996496981
90 91 729.1303936243243
91 92 244.52345831635276
92 93 124.57546461727595
93 94 995.4391155385302
94 95 298.8103059481213
95 96 112.29270835013357
96 97 111.3414042123558
97 98 71.98867524794291
98 99 786.3807637290452
99 100 279.42283354912
34 30 86.53844436077647
77 26 993.0533436121539
60 67 382.4430688696833
47 25 300.8846572904487
37 47 954.7859473159385
57 92 44.61835432126298
26 30 721.6299420474007
61 5 350.6492402820633
54 80 814.5049908148846
4 83 871.2083059785302
63 77 518.4721515759479
47 85 666.781151018629
49 47 669.8471358139508
39 78 361.36224318330267
95 90 761.9887410130144
76 22 97.40981767449077
74 14 360.15173173869556
24 69 899.1258802498169
49 60 476.6889409425467
12 60 806.4793400704216
3 67 581.8098749175631
8 31 99.5929753795437
15 6 688.0324290935213
4 41 636.1516167377423
54 70 967.439436389463
98 32 927.0764896077549
49 6 306.83478352880695
31 78 755.1186575098006
32 48 955.0185085840426
2 55 510.3141175975005
16 83 394.2232984476452
37 75 886.5258525727871
50 44 131.50104961802845
74 21 319.9810094275172
87 59 369.67099103711354
32 73 518.748491533373
82 76 296.6576497921666
29 16 404.2443349671709
56 17 983.4030996269152
11 83 885.8972405464549
50 82 631.4486386291643
59 59 392.1502674814346
87 43 167.08147853138263
15 74 253.65587467373663
58 8 121.14292584597352
7 79 743.2829068056036
16 7 324.1252440990354
21 65 165.87605792385605
54 15 699.6479041799681
46 31 366.378265539846
54 62 84.32505579509683
97 14 706.2686787183969
39 10 508.1100351258351
51 13 228.41310821906612
54 86 206.54908062948388
58 97 649.5404964489114
10 8 218.78398640700198
82 46 883.119267102581
28 74 957.3245836829403
12 21 484.4267857462686
100 17 448.45110837314746
2 22 38.898283465484155
42 8 114.90803413211079
34 48 755.2675910649276
56 20 29.293194165624147
86 38 306.7294963660872
86 97 632.1293906656723
25 67 995.0646938729203
89 87 206.0978337218755
10 100 91.87669365807854
39 38 932.8130562591007
56 95 676.3406109624788
29 68 708.9848131799841
40 25 357.0038541907984
46 14 947.9379451393753
45 100 103.59813997705575
39 92 170.50033110521335
27 24 472.71022574396204
100 46 105.9036461970338
62 53 16.750668626315388
36 51 429.9268686259787
21 48 807.4879710659824
77 71 787.3173054852435
60 87 865.557877304047
30 93 935.0010786319444
72 27 915.692485986284
24 85 76.60737633525717
38 65 244.86097750483992
2 95 756.9206761264775
51 47 279.2963235320041
41 85 136.50600783964842
28 23 870.2636153267913
8 70 577.5534657452251
68 17 473.9719093199617
75 21 4.0204870525812755
69 35 652.8511336142773
39 98 473.13779575002513
73 47 389.41660727071235
12 14 308.9375474932927
83 3 58.580894316181386
42 15 385.4832838402281
64 40 768.7951616945564
41 32 91.17064190716566
6 87 784.1099337394239
96 100 811.743917213049
84 68 752.7310411176666
47 48 750.3704799465434
60 59 62.05416303254809
74 14 486.24354207876985
99 92 442.4263996520536
14 94 44.17380337508615
40 93 518.9943218260078
96 15 677.5839397254938
89 85 615.2349965737569
1 35 101.26246907447066
24 5 392.9587947002126
87 64 129.36088178720178
58 32 721.3478656199458
2 43 465.04708859965586
15 93 270.622759943639
60 74 733.2522004115084
50 83 123.18341078702773
17 34 433.27474845252243
82 38 68.0649889811657
99 1 598.0232686627257
45 62 204.59724146478618
5 43 214.18893136434477
30 6 989.6204886278523
72 96 439.12246527257565
40 2 489.1454596205987
38 71 814.0435998673378
100 97 486.1567053017245
64 53 971.0080341837519
55 56 285.3472313285808
30 32 45.78867078246059
11 8 923.9853235076877
41 71 415.161390509678
40 67 564.197881655218
6 38 638.6059042480912
44 76 624.5986125383424
30 24 228.89965458624292
30 70 822.0829678279019
4 14 46.67706445115065
46 21 344.491370988967
71 11 720.6002098744833
29 29 588.7377802698038
57 55 383.11507817965634
42 37 895.4936708962065
80 74 429.796182183007
29 59 960.98243669094
25 12 681.3795407836133
11 34 671.298959372247
29 32 912.7884677366128
53 82 120.64469054798218
26 4 699.7344437749498
21 77 220.2247560945785
77 71 924.9539485868509
48 84 241.3556556149672
64 13 479.38377030541875
44 63 703.6885634512607
73 45 989.8041731773831
78 25 412.77311851357143
20 68 20.844635930957164
55 36 160.4230386469157
67 9 862.0692383316515
68 86 371.24800378627253
93 62 667.8834974153573
38 17 913.0868325200447
6 87 569.6446497369873
64 78 741.0056153901714
15 76 99.95162488984062
54 61 163.6561927383256
18 25 447.146709070912
16 49 302.5630724015139
16 86 276.51011544231187
55 8 983.8027906977848
28 8 916.0721652622915
14 89 456.3466919660358
99 12 137.9323384892205
63 54 264.3792742749238
10 56 695.1534582147015
74 3 508.3106190833252
16 60 525.8138742923529
89 58 60.14167065086175
37 99 657.4386388563051
82 60 766.7886575096587
61 43 433.50443964893304
45 69 803.9413948138624
84 34 648.9078782518947
57 18 582.8350785674687
52 43 524.5064198004578
24 60 399.81511338590417
79 42 319.06369582727905
40 13 504.92923337735056
89 74 711.0568780348326
89 47 995.6911129869442
33 88 304.9028494673256
63 91 562.1299067750922
78 37 584.7262184696484
72 6 368.81491924618086
56 85 8.99007677527686
52 56 407.57160065045804
44 42 551.2282711350284
51 89 413.4733643473118
82 10 718.0121811018012
52 41 595.5936954194054
49 71 685.8388277430412
84 99 0.16906041104034042
48 1 873.1909774934503
1 11 653.7876343652738
12 4 590.8694726580322
18 15 725.061142115342
92 17 14.27955880137496
17 54 857.8329091525617
39 88 886.533528201448
65 94 547.2472966493882
92 76 165.55309462289603
47 45 682.1743646567062
45 66 406.27725670167774
58 60 237.31481687551468
93 91 307.2395731686021
37 39 836.3672196922118
6 93 725.228240541865
38 44 733.5346198548841
43 29 58.21008052485788
39 78 548.2843651725343
62 84 254.8357068012538
1 99 96.11179309623644
18 3 723.469393665275
48 100 384.34266929310894
61 6 905.0441766072074
47 56 659.0407566195562
94 64 518.0500704386818
97 90 330.4605043549705
57 18 86.45223084768207
49 5 193.34000954097647
6 33 41.320968458640294
60 25 172.6081084830163
24 8 799.8622144449091
79 67 549.7631712802431
38 7 879.4721718400676
40 35 348.5556331598279
32 18 497.4246641976512
32 81 120.49772041160062
78 59 665.0325754916862
3 43 426.76061028425994
81 81 583.2225287030867
53 92 805.8719254810919
98 79 959.7154522814963
16 30 205.26735394679625
68 80 539.6263297603185
35 29 738.6928181772356
31 68 901.668986352915
83 20 88.01492548059139
84 82 15.079324639295422
11 32 44.534261794296384
62 3 821.3351142625311
69 2 916.068764806467
84 3 561.1459126581447
74 29 183.08463461763807
79 7 796.5896275785268
84 69 789.0029123496653
40 9 185.67221450860657
98 11 95.54681250240655
87 53 538.6499080160278
63 75 629.9652867674542
56 25 486.7683395656355
2 54 392.06116033905647
46 92 987.3938741758994
49 12 265.8580576270174
86 25 752.0262263086275
21 94 131.19347261910676
71 85 574.2350009019849
7 57 719.5582667824087
3 28 212.93419900439363
59 48 461.69450742109643
93 27 312.542464725639
14 22 118.19070142650668
55 78 467.84191652591363
27 16 399.9969650383249
100 18 618.7844810815983
100 57 230.1457547994901
42 37 33.06357200291202
11 25 423.26799547641593
26 16 163.10473220342328
89 12 25.809433410572524
74 11 48.78740532667315
40 3 248.28184602535595
26 44 2.9179304461588687
58 22 971.8408420388153
91 52 260.3816527808584
28 83 252.91717117760825
27 56 793.3304385120708
10 68 831.2941461487402
51 60 659.4540668673094
35 79 388.71716539063823
26 91 36.75492377801343
90 96 743.9382645597258
59 87 466.63246889012345
9 37 193.67858155694142
97 49 80.99567566609197
98 45 108.77610108725814
27 86 567.4875962132946
60 84 606.256686178523
49 75 875.3320159047593
71 33 479.0093683751769
50 11 6.317700112788735
50 12 712.4883351861549
5 81 473.72186773418406
7 61 125.53061985483124
30 75 768.6560289232633
11 52 358.14436360752404
53 93 773.1862304425475
79 13 293.45631173380906
85 7 745.3469428384454
3 44 664.9242640839548
81 42 77.71734393995625
45 51 305.2377339532385
34 21 606.8667405661002
42 19 965.9036966073488
94 70 836.6793806906985
32 43 722.505697780407
99 1 150.23671008423517
87 99 498.7340411537457
6 86 151.64040515587965
91 96 606.0164726800805
10 65 699.3938456092549
51 63 339.4780625047359
4 48 614.8873332279093
29 52 642.872147771782
86 21 181.24417826864064
41 89 560.4425663111542
69 68 457.5334362290929
61 13 434.58796571379094
35 53 697.8277917470913
75 95 452.9407302417422
88 70 150.12852239816362
70 1 653.5724629986854
84 93 626.0731126049907
32 49 835.581445959845
10 90 217.02681483933836
77 72 991.1730625822509
88 43 686.5089494670957
97 54 994.4421474505324
18 23 335.455908274968
35 64 915.6205052311947
28 81 816.0381985086094
53 13 695.3336776083419
70 59 649.2624751069391
53 92 170.97981697985614
50 70 255.45694071653094
30 70 911.3126224999124
94 22 683.6866042536801
23 70 719.5837048692746
20 25 883.8244874545526
86 100 475.63613308739036
97 31 312.23569020031397
98 20 429.3863964517855
84 49 546.0572156041459
46 8 792.4881534563141
27 52 869.7933444864598
89 90 293.2311849133628
89 50 979.2291915140692
2 86 959.0334816807866
2 81 745.5047307940963
100 98 218.17477286835063
67 81 804.0167925342457
60 95 281.6777413573788
35 7 646.7320695158274
31 22 606.7544173947106
27 21 112.52190107407897
25 33 82.82572152143237
55 55 122.46749314756876
45 63 911.4208213304554
2 78 243.35085715851028
82 5 980.9398129543137
76 90 993.0298972757665
25 7 186.29055699898547
50 96 549.3103331812765
96 13 461.30292327538297
58 66 918.6542092182033
75 60 328.89602631039224
24 37 259.4118595957118
3 49 529.5858143740186
49 64 591.7074371210114
85 67 208.72906274358832
100 90 908.0482741996151
92 18 519.1098690698041
46 47 795.7356681914222
7 33 271.0866240358435
78 22 277.22290225912695
80 81 830.5791303773682
41 59 8.360034748800484
18 74 372.0320582214667
89 38 400.57226487044153
6 71 341.03361641919827
2 79 215.19593505483977
45 41 675.1853873793481
48 33 791.6270353676991
26 45 593.847040137183
2 87 160.47198771207852
